111 112 113 114 115 0 1 2 3 4 5 
114 115 0 1 2 3 4 5 6 7 8 
1 2 3 4 5 6 7 8 9 10 11 
1 2 3 4 5 6 7 8 9 10 11 
2 3 4 5 6 7 8 9 10 11 12 
3 4 5 6 7 8 9 10 11 12 13 
7 8 9 10 11 12 13 14 15 16 17 
10 11 12 13 14 15 16 17 18 19 20 
12 13 14 15 16 17 18 19 20 21 22 
13 14 15 16 17 18 19 20 21 22 23 
15 16 17 18 19 20 21 22 23 24 25 
17 18 19 20 21 22 23 24 25 26 27 
19 20 21 22 23 24 25 26 27 28 29 
21 22 23 24 25 26 27 28 29 30 31 
23 24 25 26 27 28 29 30 31 32 33 
24 25 26 27 28 29 30 31 32 33 34 
26 27 28 29 30 31 32 33 34 35 36 
27 28 29 30 31 32 33 34 35 36 37 
28 29 30 31 32 33 34 35 36 37 38 
30 31 32 33 34 35 36 37 38 39 40 
31 32 33 34 35 36 37 38 39 40 41 
33 34 35 36 37 38 39 40 41 42 43 
35 36 37 38 39 40 41 42 43 44 45 
35 36 37 38 39 40 41 42 43 44 45 
36 37 38 39 40 41 42 43 44 45 46 
39 40 41 42 43 44 45 46 47 48 49 
41 42 43 44 45 46 47 48 49 50 51 
42 43 44 45 46 47 48 49 50 51 52 
44 45 46 47 48 49 50 51 52 53 54 
45 46 47 48 49 50 51 52 53 54 55 
48 49 50 51 52 53 54 55 56 57 58 
49 50 51 52 53 54 55 56 57 58 59 
52 53 54 55 56 57 58 59 60 61 62 
53 54 55 56 57 58 59 60 61 62 63 
57 58 59 60 61 62 63 64 65 66 67 
60 61 62 63 64 65 66 67 68 69 70 
61 62 63 64 65 66 67 68 69 70 71 
62 63 64 65 66 67 68 69 70 71 72 
66 67 68 69 70 71 72 73 74 75 76 
66 67 68 69 70 71 72 73 74 75 76 
67 68 69 70 71 72 73 74 75 76 77 
71 72 73 74 75 76 77 78 79 80 81 
73 74 75 76 77 78 79 80 81 82 83 
75 76 77 78 79 80 81 82 83 84 85 
77 78 79 80 81 82 83 84 85 86 87 
79 80 81 82 83 84 85 86 87 88 89 
81 82 83 84 85 86 87 88 89 90 91 
82 83 84 85 86 87 88 89 90 91 92 
83 84 85 86 87 88 89 90 91 92 93 
84 85 86 87 88 89 90 91 92 93 94 
86 87 88 89 90 91 92 93 94 95 96 
88 89 90 91 92 93 94 95 96 97 98 
89 90 91 92 93 94 95 96 97 98 99 
90 91 92 93 94 95 96 97 98 99 100 
92 93 94 95 96 97 98 99 100 101 102 
93 94 95 96 97 98 99 100 101 102 103 
94 95 96 97 98 99 100 101 102 103 104 
95 96 97 98 99 100 101 102 103 104 105 
97 98 99 100 101 102 103 104 105 106 107 
99 100 101 102 103 104 105 106 107 108 109 
100 101 102 103 104 105 106 107 108 109 110 
101 102 103 104 105 106 107 108 109 110 111 
103 104 105 106 107 108 109 110 111 112 113 
105 106 107 108 109 110 111 112 113 114 115 
107 108 109 110 111 112 113 114 115 0 1 
109 110 111 112 113 114 115 0 1 2 3 
110 111 112 113 114 115 0 1 2 3 4 
