256 450
2 0 1 
3 1 2 3 
3 3 4 5 
3 5 6 7 
3 7 8 9 
3 9 10 11 
3 11 12 13 
3 13 14 15 
3 15 16 17 
3 17 18 19 
3 19 20 21 
3 21 22 23 
3 23 24 25 
3 25 26 27 
3 27 28 29 
1 29 
3 0 30 31 
6 0 1 2 31 32 33 
6 2 3 4 33 34 35 
6 4 5 6 35 36 37 
6 6 7 8 37 38 39 
6 8 9 10 39 40 41 
6 10 11 12 41 42 43 
6 12 13 14 43 44 45 
6 14 15 16 45 46 47 
6 16 17 18 47 48 49 
6 18 19 20 49 50 51 
6 20 21 22 51 52 53 
6 22 23 24 53 54 55 
6 24 25 26 55 56 57 
6 26 27 28 57 58 59 
3 28 29 59 
3 30 60 61 
6 30 31 32 61 62 63 
6 32 33 34 63 64 65 
6 34 35 36 65 66 67 
6 36 37 38 67 68 69 
6 38 39 40 69 70 71 
6 40 41 42 71 72 73 
6 42 43 44 73 74 75 
6 44 45 46 75 76 77 
6 46 47 48 77 78 79 
6 48 49 50 79 80 81 
6 50 51 52 81 82 83 
6 52 53 54 83 84 85 
6 54 55 56 85 86 87 
6 56 57 58 87 88 89 
3 58 59 89 
3 60 90 91 
6 60 61 62 91 92 93 
6 62 63 64 93 94 95 
6 64 65 66 95 96 97 
6 66 67 68 97 98 99 
6 68 69 70 99 100 101 
6 70 71 72 101 102 103 
6 72 73 74 103 104 105 
6 74 75 76 105 106 107 
6 76 77 78 107 108 109 
6 78 79 80 109 110 111 
6 80 81 82 111 112 113 
6 82 83 84 113 114 115 
6 84 85 86 115 116 117 
6 86 87 88 117 118 119 
3 88 89 119 
3 90 120 121 
6 90 91 92 121 122 123 
6 92 93 94 123 124 125 
6 94 95 96 125 126 127 
6 96 97 98 127 128 129 
6 98 99 100 129 130 131 
6 100 101 102 131 132 133 
6 102 103 104 133 134 135 
6 104 105 106 135 136 137 
6 106 107 108 137 138 139 
6 108 109 110 139 140 141 
6 110 111 112 141 142 143 
6 112 113 114 143 144 145 
6 114 115 116 145 146 147 
6 116 117 118 147 148 149 
3 118 119 149 
3 120 150 151 
6 120 121 122 151 152 153 
6 122 123 124 153 154 155 
6 124 125 126 155 156 157 
6 126 127 128 157 158 159 
6 128 129 130 159 160 161 
6 130 131 132 161 162 163 
6 132 133 134 163 164 165 
6 134 135 136 165 166 167 
6 136 137 138 167 168 169 
6 138 139 140 169 170 171 
6 140 141 142 171 172 173 
6 142 143 144 173 174 175 
6 144 145 146 175 176 177 
6 146 147 148 177 178 179 
3 148 149 179 
3 150 180 181 
6 150 151 152 181 182 183 
6 152 153 154 183 184 185 
6 154 155 156 185 186 187 
6 156 157 158 187 188 189 
6 158 159 160 189 190 191 
6 160 161 162 191 192 193 
6 162 163 164 193 194 195 
6 164 165 166 195 196 197 
6 166 167 168 197 198 199 
6 168 169 170 199 200 201 
6 170 171 172 201 202 203 
6 172 173 174 203 204 205 
6 174 175 176 205 206 207 
6 176 177 178 207 208 209 
3 178 179 209 
3 180 210 211 
6 180 181 182 211 212 213 
6 182 183 184 213 214 215 
6 184 185 186 215 216 217 
6 186 187 188 217 218 219 
6 188 189 190 219 220 221 
6 190 191 192 221 222 223 
6 192 193 194 223 224 225 
6 194 195 196 225 226 227 
6 196 197 198 227 228 229 
6 198 199 200 229 230 231 
6 200 201 202 231 232 233 
6 202 203 204 233 234 235 
6 204 205 206 235 236 237 
6 206 207 208 237 238 239 
3 208 209 239 
3 210 240 241 
6 210 211 212 241 242 243 
6 212 213 214 243 244 245 
6 214 215 216 245 246 247 
6 216 217 218 247 248 249 
6 218 219 220 249 250 251 
6 220 221 222 251 252 253 
6 222 223 224 253 254 255 
6 224 225 226 255 256 257 
6 226 227 228 257 258 259 
6 228 229 230 259 260 261 
6 230 231 232 261 262 263 
6 232 233 234 263 264 265 
6 234 235 236 265 266 267 
6 236 237 238 267 268 269 
3 238 239 269 
3 240 270 271 
6 240 241 242 271 272 273 
6 242 243 244 273 274 275 
6 244 245 246 275 276 277 
6 246 247 248 277 278 279 
6 248 249 250 279 280 281 
6 250 251 252 281 282 283 
6 252 253 254 283 284 285 
6 254 255 256 285 286 287 
6 256 257 258 287 288 289 
6 258 259 260 289 290 291 
6 260 261 262 291 292 293 
6 262 263 264 293 294 295 
6 264 265 266 295 296 297 
6 266 267 268 297 298 299 
3 268 269 299 
3 270 300 301 
6 270 271 272 301 302 303 
6 272 273 274 303 304 305 
6 274 275 276 305 306 307 
6 276 277 278 307 308 309 
6 278 279 280 309 310 311 
6 280 281 282 311 312 313 
6 282 283 284 313 314 315 
6 284 285 286 315 316 317 
6 286 287 288 317 318 319 
6 288 289 290 319 320 321 
6 290 291 292 321 322 323 
6 292 293 294 323 324 325 
6 294 295 296 325 326 327 
6 296 297 298 327 328 329 
3 298 299 329 
3 300 330 331 
6 300 301 302 331 332 333 
6 302 303 304 333 334 335 
6 304 305 306 335 336 337 
6 306 307 308 337 338 339 
6 308 309 310 339 340 341 
6 310 311 312 341 342 343 
6 312 313 314 343 344 345 
6 314 315 316 345 346 347 
6 316 317 318 347 348 349 
6 318 319 320 349 350 351 
6 320 321 322 351 352 353 
6 322 323 324 353 354 355 
6 324 325 326 355 356 357 
6 326 327 328 357 358 359 
3 328 329 359 
3 330 360 361 
6 330 331 332 361 362 363 
6 332 333 334 363 364 365 
6 334 335 336 365 366 367 
6 336 337 338 367 368 369 
6 338 339 340 369 370 371 
6 340 341 342 371 372 373 
6 342 343 344 373 374 375 
6 344 345 346 375 376 377 
6 346 347 348 377 378 379 
6 348 349 350 379 380 381 
6 350 351 352 381 382 383 
6 352 353 354 383 384 385 
6 354 355 356 385 386 387 
6 356 357 358 387 388 389 
3 358 359 389 
3 360 390 391 
6 360 361 362 391 392 393 
6 362 363 364 393 394 395 
6 364 365 366 395 396 397 
6 366 367 368 397 398 399 
6 368 369 370 399 400 401 
6 370 371 372 401 402 403 
6 372 373 374 403 404 405 
6 374 375 376 405 406 407 
6 376 377 378 407 408 409 
6 378 379 380 409 410 411 
6 380 381 382 411 412 413 
6 382 383 384 413 414 415 
6 384 385 386 415 416 417 
6 386 387 388 417 418 419 
3 388 389 419 
3 390 420 421 
6 390 391 392 421 422 423 
6 392 393 394 423 424 425 
6 394 395 396 425 426 427 
6 396 397 398 427 428 429 
6 398 399 400 429 430 431 
6 400 401 402 431 432 433 
6 402 403 404 433 434 435 
6 404 405 406 435 436 437 
6 406 407 408 437 438 439 
6 408 409 410 439 440 441 
6 410 411 412 441 442 443 
6 412 413 414 443 444 445 
6 414 415 416 445 446 447 
6 416 417 418 447 448 449 
3 418 419 449 
1 420 
3 420 421 422 
3 422 423 424 
3 424 425 426 
3 426 427 428 
3 428 429 430 
3 430 431 432 
3 432 433 434 
3 434 435 436 
3 436 437 438 
3 438 439 440 
3 440 441 442 
3 442 443 444 
3 444 445 446 
3 446 447 448 
2 448 449 
1 31 -1
-1 2 0
3 33 1
-1 4 2
5 35 3
-1 6 4
7 37 5
-1 8 6
9 39 7
-1 10 8
11 41 9
-1 12 10
13 43 11
-1 14 12
15 45 13
-1 16 14
17 47 15
-1 18 16
19 49 17
-1 20 18
21 51 19
-1 22 20
23 53 21
-1 24 22
25 55 23
-1 26 24
27 57 25
-1 28 26
29 59 27
-1 -1 28
31 61 -1
0 32 30
33 63 31
2 34 32
35 65 33
4 36 34
37 67 35
6 38 36
39 69 37
8 40 38
41 71 39
10 42 40
43 73 41
12 44 42
45 75 43
14 46 44
47 77 45
16 48 46
49 79 47
18 50 48
51 81 49
20 52 50
53 83 51
22 54 52
55 85 53
24 56 54
57 87 55
26 58 56
59 89 57
28 -1 58
61 91 -1
30 62 60
63 93 61
32 64 62
65 95 63
34 66 64
67 97 65
36 68 66
69 99 67
38 70 68
71 101 69
40 72 70
73 103 71
42 74 72
75 105 73
44 76 74
77 107 75
46 78 76
79 109 77
48 80 78
81 111 79
50 82 80
83 113 81
52 84 82
85 115 83
54 86 84
87 117 85
56 88 86
89 119 87
58 -1 88
91 121 -1
60 92 90
93 123 91
62 94 92
95 125 93
64 96 94
97 127 95
66 98 96
99 129 97
68 100 98
101 131 99
70 102 100
103 133 101
72 104 102
105 135 103
74 106 104
107 137 105
76 108 106
109 139 107
78 110 108
111 141 109
80 112 110
113 143 111
82 114 112
115 145 113
84 116 114
117 147 115
86 118 116
119 149 117
88 -1 118
121 151 -1
90 122 120
123 153 121
92 124 122
125 155 123
94 126 124
127 157 125
96 128 126
129 159 127
98 130 128
131 161 129
100 132 130
133 163 131
102 134 132
135 165 133
104 136 134
137 167 135
106 138 136
139 169 137
108 140 138
141 171 139
110 142 140
143 173 141
112 144 142
145 175 143
114 146 144
147 177 145
116 148 146
149 179 147
118 -1 148
151 181 -1
120 152 150
153 183 151
122 154 152
155 185 153
124 156 154
157 187 155
126 158 156
159 189 157
128 160 158
161 191 159
130 162 160
163 193 161
132 164 162
165 195 163
134 166 164
167 197 165
136 168 166
169 199 167
138 170 168
171 201 169
140 172 170
173 203 171
142 174 172
175 205 173
144 176 174
177 207 175
146 178 176
179 209 177
148 -1 178
181 211 -1
150 182 180
183 213 181
152 184 182
185 215 183
154 186 184
187 217 185
156 188 186
189 219 187
158 190 188
191 221 189
160 192 190
193 223 191
162 194 192
195 225 193
164 196 194
197 227 195
166 198 196
199 229 197
168 200 198
201 231 199
170 202 200
203 233 201
172 204 202
205 235 203
174 206 204
207 237 205
176 208 206
209 239 207
178 -1 208
211 241 -1
180 212 210
213 243 211
182 214 212
215 245 213
184 216 214
217 247 215
186 218 216
219 249 217
188 220 218
221 251 219
190 222 220
223 253 221
192 224 222
225 255 223
194 226 224
227 257 225
196 228 226
229 259 227
198 230 228
231 261 229
200 232 230
233 263 231
202 234 232
235 265 233
204 236 234
237 267 235
206 238 236
239 269 237
208 -1 238
241 271 -1
210 242 240
243 273 241
212 244 242
245 275 243
214 246 244
247 277 245
216 248 246
249 279 247
218 250 248
251 281 249
220 252 250
253 283 251
222 254 252
255 285 253
224 256 254
257 287 255
226 258 256
259 289 257
228 260 258
261 291 259
230 262 260
263 293 261
232 264 262
265 295 263
234 266 264
267 297 265
236 268 266
269 299 267
238 -1 268
271 301 -1
240 272 270
273 303 271
242 274 272
275 305 273
244 276 274
277 307 275
246 278 276
279 309 277
248 280 278
281 311 279
250 282 280
283 313 281
252 284 282
285 315 283
254 286 284
287 317 285
256 288 286
289 319 287
258 290 288
291 321 289
260 292 290
293 323 291
262 294 292
295 325 293
264 296 294
297 327 295
266 298 296
299 329 297
268 -1 298
301 331 -1
270 302 300
303 333 301
272 304 302
305 335 303
274 306 304
307 337 305
276 308 306
309 339 307
278 310 308
311 341 309
280 312 310
313 343 311
282 314 312
315 345 313
284 316 314
317 347 315
286 318 316
319 349 317
288 320 318
321 351 319
290 322 320
323 353 321
292 324 322
325 355 323
294 326 324
327 357 325
296 328 326
329 359 327
298 -1 328
331 361 -1
300 332 330
333 363 331
302 334 332
335 365 333
304 336 334
337 367 335
306 338 336
339 369 337
308 340 338
341 371 339
310 342 340
343 373 341
312 344 342
345 375 343
314 346 344
347 377 345
316 348 346
349 379 347
318 350 348
351 381 349
320 352 350
353 383 351
322 354 352
355 385 353
324 356 354
357 387 355
326 358 356
359 389 357
328 -1 358
361 391 -1
330 362 360
363 393 361
332 364 362
365 395 363
334 366 364
367 397 365
336 368 366
369 399 367
338 370 368
371 401 369
340 372 370
373 403 371
342 374 372
375 405 373
344 376 374
377 407 375
346 378 376
379 409 377
348 380 378
381 411 379
350 382 380
383 413 381
352 384 382
385 415 383
354 386 384
387 417 385
356 388 386
389 419 387
358 -1 388
391 421 -1
360 392 390
393 423 391
362 394 392
395 425 393
364 396 394
397 427 395
366 398 396
399 429 397
368 400 398
401 431 399
370 402 400
403 433 401
372 404 402
405 435 403
374 406 404
407 437 405
376 408 406
409 439 407
378 410 408
411 441 409
380 412 410
413 443 411
382 414 412
415 445 413
384 416 414
417 447 415
386 418 416
419 449 417
388 -1 418
421 -1 -1
390 422 420
423 -1 421
392 424 422
425 -1 423
394 426 424
427 -1 425
396 428 426
429 -1 427
398 430 428
431 -1 429
400 432 430
433 -1 431
402 434 432
435 -1 433
404 436 434
437 -1 435
406 438 436
439 -1 437
408 440 438
441 -1 439
410 442 440
443 -1 441
412 444 442
445 -1 443
414 446 444
447 -1 445
416 448 446
449 -1 447
418 -1 448
